4011330130
4110201100
4222321030
4221001130
4221300133
3221020135
3222020133
0110330140
3221232154
3220322162
3111331145
4122341164
4231442165
4232441254
3231521146
4241032156
4221531054
2120421256
3221431144
3121231244
3131220055
3102301144
3231141244
4032341233
4222431152
2241441062
3241331135
4022222256
4232630160
3232531153
4022522156
4111542146
3212621165
4122532154
3132632253
4132441245
4232540253
3232531255
3232522246
4242651143
3121122031
2021211243
4222131140
4121312250
4121132142
2121231163
3111602053
3211330145
4121422142
4122522140
4221232242
4221232246
4231332244
3132341165
4232342244
4232632265
2242222236
4122531143
3222102245
1211322243
3222420130
3232102131
2231301240
2030322240
0132320142
3001231125
4121210032
2021420031
3121300040
1011222032
1110002240
0201201130
1010010010
2020100000
1000000130
1000120011
0000100041
1010000130
0000010032
0010001131
2010020011
2100000121
1010001132
0020200231
0011020132
1020000133
1120010132
1010210123
2020200123
1020211232
3020110133
4120120131
3020001234
2020211133
4011120233
3020130143
4220131141
2131311232
3130221134
3030040145
4041311133
3130322233
3101341145
3130440235
0120200143
0110412132
4222220030
4210320050
3021410043
4231200034
4211320133
1231131143
2131410152
2200431054
1232420053
4122311152
2131431124
4122311135
3221412243
4221321153
4222212144
0022641153
2230432162
4231411243
4232500153
3021531055
4241502043
3020111130
1130000034
4011200043
1110110134
0212332133
4120302131
3121231143
2031421043
3212341033
4131330043
2222311244
3132221044
2132421153
4221342041
4212330054
4231331133
2022512145
4232230143
4231411145
2122442153
4222330245
1231432236
3231431254
4232512135
2232461163
4131540254
3242641156
4242442134
4232542265
4242642167
3020100032
4020000130
0111320053
1030230033
1012510123
3201200143
2130421122
2130031242
2140300045
2210231143
4121111144
1021432034
0020000030
0122321045
4022231231
3210430143
3121311053
3121300142
3210230132
1132421052
3132330123
4021231044
4012321143
2231310155
4230302144
2210431145
4121321243
4221441143
4232321153
4231331244
4122331154
3230631154
2122521264
4232531063
2222232256
4230542153
4232531153
3242522145
4232432253
4032542264
4232422164
2142442256
4241531165
4222532265
4232332166
3212642165
4232442255
4242432246
4232632164
4232542256
4232642264
4242662267
4232352266
4232552263
2011311230
1002330112
2131432130
3121311130
2132432122
3132222232
3222511241
3231322240
4242362240
2242532255
3132641255
4232622265
3232642263
4242642265
4242632264
1222621243
2132422134
3222431144
3232412134
2142632250
4231511163
2242522243
2132532235
3132632262
2001220033
3021211123
0120311042
4202300233
2022131133
3002420053
2121312133
3122221034
3030322033
4132211043
2121521132
3231231043
3112331043
3131331115
2122521144
2121441043
3241431036
1222351135
1031542065
4132441143
2241402265
2122522264
4242332144
4242432053
2241651157
3222631264
4121230144
4021210122
3101330131
3002331140
4211321134
3131531055
